structure(list(id = c(31131, 31151, 31153, 31155, 31167, 31183, 
31186, 31187, 31191, 31199, 31214, 31228, 31241, 31242, 31252, 
31262, 31268, 31286, 31290, 31298, 31304, 31324, 31325, 31334, 
31337, 31344, 31381, 31383, 31396, 31399, 31413, 31416, 31435, 
31439, 31471, 31487, 31488, 31491, 31496, 31503, 31504, 31510, 
31512, 31519, 31520, 31522, 31527, 31530, 31545, 31567, 31577, 
31585, 31593, 31619, 31635, 31640, 31652, 31658, 31666, 31702, 
31703, 31706, 31714, 31742, 31757, 31779, 31821, 31833, 31847, 
31858, 31873, 31874, 31878, 31899, 31914, 31937, 31939, 31948, 
31962, 31973, 31976, 31978, 31979, 31985, 31989, 31991, 31996, 
32007, 32012, 32013, 32014, 32027, 32037, 32040, 32046, 32079, 
32086, 32091, 32107, 32109, 32115, 32138, 32141, 32143, 32150, 
32162, 32163, 32168, 32180, 32183, 32205, 32208, 32214, 32221, 
32225, 32226, 32230, 32266, 32267, 32273, 32287, 32296, 32324, 
32325, 32342, 32349, 32360, 32361, 32381, 32388, 32391, 32401, 
32441, 32467, 32483, 32494, 32500, 32502, 32509, 32513, 32550, 
32551, 32552, 32566, 32572, 32577, 32596, 32599, 32601, 32649, 
32663, 32693, 32709, 32714, 32717, 32745, 32755, 32779, 32799, 
32835, 32837, 32842, 32849, 32868, 32870, 32885, 32900, 32910, 
32916, 32923, 32931, 32946, 32956, 32958, 32963, 32964, 33011, 
33014, 33020, 33022, 33039, 33046, 33072, 33076, 33080, 33088, 
33107, 33121, 33139, 33146, 33154, 33161, 33186, 33206, 33213, 
33228, 33230, 33231, 33232, 33241, 33244, 33247, 33256, 33270, 
33274, 33275, 33280, 33284, 33287, 33289, 33300, 33302, 33307, 
33317, 33328, 33329, 33330, 33344, 33357, 33360, 33362, 33375, 
33387, 33390, 33397, 33410, 33413, 33414, 33430, 33441, 33445, 
33446, 33452, 33464, 33477, 33485, 33489, 33492, 33519, 33530, 
33546, 33562, 33570, 33585, 33587, 33597, 33606, 33616, 33620, 
33630, 33647, 33659, 33662, 33668, 33681, 33691, 33700, 33728, 
33730, 33731, 33745, 33750, 33756, 33777, 33780, 33805, 33827, 
33838, 33840, 33845, 33847, 33876, 33880, 33885, 33917, 33918, 
33924, 33934, 33952, 33954, 33974, 33988, 34000, 34002, 34021, 
34023, 34042, 34046, 34051, 34052, 34074, 34080, 34111, 34118, 
34120, 34128, 34129, 34131, 34132, 34136, 34141, 34145, 34161, 
34165, 34176, 34203, 34205, 34206, 34214, 34220, 34226, 34227, 
34240, 34250, 34256, 34273, 34292, 34295, 34310, 34312, 34338, 
34374, 34401, 34402, 34423, 34437, 34450, 34454, 34465, 34467, 
34479, 34490, 34500, 34518, 34534, 34555, 34574, 34577, 34578, 
34605, 34606, 34608, 34609, 34615, 34627, 34650, 34669, 34687, 
34705, 34719, 34724, 34735, 34744, 34761, 34776, 34795, 34808, 
34858, 34869, 34877, 34901, 34908, 34914, 34919, 34935, 34939, 
34941, 34965, 34985, 35010, 35015, 35021, 35023, 35048, 35050, 
35051, 35056, 35058, 35062, 35067, 35077, 35078, 35080, 35081, 
35091, 35108, 35113, 35128, 35134, 35135, 35154, 35155, 35162, 
35171, 35172, 35213, 35214, 35225, 35228, 35257, 35263, 35265, 
35266, 35278, 35284, 35321, 35330, 35336, 35339, 35342, 35343, 
35367, 35369, 35372, 35397, 35402, 35403, 35414, 35438, 35445, 
35453, 35454, 35455, 35456, 35466, 35486, 35510, 35515, 35521, 
35530, 35541, 35543, 35552, 35567, 35571, 35575, 35577, 35593, 
35604, 35612, 35616, 35628, 35646, 35651, 35653, 35654, 35684, 
35685, 35686, 35690, 35691, 35696, 35713, 35715, 35719, 35741, 
35747, 35770, 35775, 35781, 35789, 35808, 35821, 35838, 35852, 
35856, 35863, 35865, 35874, 35881, 35890, 35902, 35919, 35927, 
35941, 35942, 35956, 35976, 35991, 36007, 36011, 36014, 36017, 
36036, 36038, 36047, 36052, 36056, 36070, 36090, 36093, 36095, 
36122, 36125, 36133, 36138, 36155, 36164, 36171, 36179, 36184, 
36193, 36194, 36200, 36218, 36268, 36290, 36292, 36301, 36307, 
36309, 36321, 36323, 36332, 36335, 36352, 36362, 36363, 36365, 
36370, 36379, 36394, 36418, 36427, 36436, 36437, 36438, 36454, 
36466, 36481, 36483, 36503, 36509, 36532, 36534, 36538, 36556, 
36571, 36575, 36577, 36598, 36601, 36625, 36627, 36632, 36645, 
36653, 36655, 36670, 36674, 36700, 36707, 36723, 36746, 36749, 
36752, 36760, 36761, 36762, 36772, 36787, 36792, 36797, 36800, 
36823, 36839, 36850, 36868, 36888, 36899, 36904, 36909, 36911, 
36926, 36965, 36969, 36984, 36992, 36998, 37001, 37034, 37037, 
37038, 37040, 37056, 37084, 37089, 37102, 37105, 37106, 37126, 
37140, 37151, 37155, 37164, 37212, 37233, 37250, 37276, 37286, 
37289, 37302, 37319, 37342, 37352, 37355, 37368, 37374, 37382, 
37385, 37395, 37410, 37426, 37429, 37440, 37453, 37456, 37462, 
37485, 37513, 37521, 37525, 37526, 37531, 37541, 37544, 37545, 
37557, 37561, 37599, 37600, 37606, 37609, 37631, 37639, 37640, 
37645, 37647, 37671, 37686, 37690, 37708, 37710, 37714, 37741, 
37747, 37751, 37792, 37814, 37816, 37822, 37836, 37840, 37875, 
37905, 37918, 37930, 37936, 37953, 37971, 37996, 38017, 38038, 
38054, 38055, 38057, 38062, 38075, 38078, 38079, 38081, 38089, 
38095, 38108, 38113, 38120, 38126, 38139, 38140, 38145, 38148, 
38156, 38168, 38178, 38188, 38205, 38214, 38235, 38243, 38247, 
38249, 38261, 38267, 38270, 38271, 38275, 38280, 38295, 38322, 
38324, 38335, 38358, 38394, 38396, 38402, 38417, 38422, 38426, 
38443, 38444, 38452, 38459, 38461, 38472, 38490, 38525, 38532, 
38544, 38554, 38580, 38613, 38615, 38619, 38621, 38638, 38639, 
38647, 38653, 38655, 38676, 38685, 38699, 38708, 38726, 38738, 
38744, 38762, 38782, 38784, 38786, 38791, 38792, 38801, 38819, 
38830, 38852, 38860, 38877, 38883, 38901, 38904, 38905, 38910, 
38914, 38918, 38920, 38921, 38929, 38931, 38941, 38942, 38972, 
38977, 38982, 38991, 38999, 39000, 39010, 39037, 39044, 39045, 
39054, 39058, 39081, 39082, 39092, 39110, 39112, 39113, 39124, 
39132, 39148, 39150, 39154, 39164, 39179, 39184, 39204, 39207, 
39225, 39230, 39259, 39281, 39291, 39293, 39300, 39322, 39354, 
39356, 39365, 39378, 39392, 39399, 39402, 39410, 39411, 39415, 
39426, 39432, 39436, 39438, 39439, 39494, 39531, 39532, 39541, 
39546, 39560, 39568, 39580, 39599, 39602, 39615, 39620, 39646, 
39650, 39662, 39665, 39668, 39673, 39696, 39715, 39734, 39736, 
39770, 39782, 39786, 39787, 39809, 39828, 39833, 39835, 39840, 
39845, 39854, 39866, 39869, 39878, 39884, 39896, 39914, 39946, 
39956, 39960, 39978, 39989, 39996, 40000, 40001, 40004, 40011, 
40017, 40024, 40036, 40068, 40077, 40099, 40112, 40133, 40138, 
40144, 40151, 40155, 40158, 40176, 40196, 40220, 40232, 40254, 
40265, 40278, 40291, 40302, 40308, 40338, 40339, 40341, 40347, 
40356, 40370, 40384, 40398, 40402, 40404, 40408, 40409, 40420, 
40427, 40431, 40433, 40435, 40439, 40444, 40452, 40460, 40467, 
40492, 40506, 40513, 40517, 40544, 40561, 40579, 40587, 40592, 
40596, 40602, 40606, 40607, 40674, 40684, 40685, 40700, 40701, 
40702, 40729, 40772, 40797, 40827, 40828, 40829, 40839, 40849, 
40850, 40855, 40857, 40877, 40891, 40906, 40908, 40909, 40925, 
40934, 40936, 40938, 40949, 40950, 40961, 40963, 40965, 40970, 
40974, 40980, 40983, 40985, 40988, 41014, 41027, 41028, 41036, 
41048, 41049, 41072, 41089, 41097, 41116, 41123, 41132, 41135, 
41149, 41153, 41157, 41201, 41223, 41236, 41238, 41244, 41253, 
41255, 41259, 41265, 41279, 41287, 41289, 41313, 41316, 41322, 
41326, 41328, 41349, 41355, 41360, 41382, 41386, 41388, 41398, 
41408, 41409, 41414, 41424, 41438, 41449, 41458, 41459, 41472
),